# id	file_path	transparent_color_r	g	b
[TEXTURES]
0	textures\mario.png	255	255	255
1	textures\SIMON.png	255	0	255
2	textures\whip_right.bmp	255	0	255
3	textures\whip_left.png	255	0	255
20	textures\misc.png	176	224	248
10	textures\enemies.png	3	26	110

# id	left	top	right	bottom	texture_id
[SPRITES]
# BIG MARIO 
# idle right
10001	310	0	360	66	1
# walk
10002	250	0	300	66	1		
10003	310	0	360	66	1
10004	370	0	420	66	1
10005	430	0	480	66	1
# idle left
10011	130	198	180	264	1
#walk
10012	190	198	240	264	1
10013	130	198	180	264	1
10014	70	198	120	264	1
10015	10	198	60	264	1
# attack stand right
10041	120	0	180	66	1
10042	60	0	120	66	1
10043	0	0	60	66	1
# attack stand left
10051	300	198	360	264	1
10052	360	198	420	264	1
10053	420	198	480	264	1
# sit right
10061	180	0	240	66	1
# sit left
10071	240	198	300	264	1
# attack sit right
10081	0	66	60	132	1
10082	420	132	480	198	1
10083	360	132	420	198	1
# attack sit left
10091	420	264	480	330	1
10092	0	330	60	396	1
10093   60	330	120	396	1
# die 
10099	215	120	231	135	0

# WHIP
# whip attack right level ZERO
50001	70	12	105	70	2
50002	325	5	375	60	2
50003	660	10	720	35	2
# whip attack left level ZERO
50004	665	10	700	65	3
50005	395	5	435	60	3
50006	30	10	105	35	3

# SMALL MARIO
# idle small right
10021	247	0	259	15	0
# walk
10022	275	0	291	15	0
10023	306	0	320	15	0
# idle small left
10031	187	0	198	15	0
# walk
10032	155	0	170	15	0
10033	125	0	139	15	0
#BRICK
20001	408	225	424	241	20

#GOOMBA
30001	5	14	21	29	10
30002	25	14	41	29	10
#die
30003	45	21	61	29	10

#brick with question mark animation
40001	300	117	316	133	20
40002	318	117	334	133	20
40003	336	117	352	133	20
40004	355	117	370	133	20
						
# ani_id	sprite1_id	time1	sprite2_id	time2	...
[ANIMATIONS]

# ==== MARIO =========
#idle BIG right
400	10001	100
#idle BIG left
401	10011	100
#idle small right
402	10021	100
#idle small left
403	10031	100
#walk right big
500	10002	100	10003	100	10004	100	10005	100
#walk left big
501	10012	100	10013	100	10014	100	10015	100

#attack right big
504	10041	100	10042	100	10043	100
#attack left big
505	10051	100	10052	100	10053	100

#sit right big
506	10061	100
#sit left big
507	10071	100

#sit attack right big
508	10081	100	10082	100	10083	100
#sit attack left big
509	10091	100	10092	100	10093	100

#walk right small
502	10021	100	10022	100	10023	100
#walk left small
503	10031	100	10032	100	10033	100
#die
599	10099	100

#whip right level ZERO
801	50001	100	50002	100	50003	100
#whip left level ZERO
802	50004	100	50005	100	50006	100

# ==== BRICK =========
601	20001	100

# ==== QUESTION MARK BRICK =========
602	40001	1000	40001	100	40002	100	40003	100	40004	100


# ==== GOOMBA  =========
# walk
701	30001	100	30002	100
# die
702	30003	100



#
# id	ani1	ani2	ani3
#
[ANIMATION_SETS]
# MARIO
1	400	401	402	403	500	501	502	503	599	504	505	506	507	508	509
# WHIP 
4	801	802
# BRICK 
2	601
# QUESTION MARK BRICK 
22	602
# GOOMBA
3	701	702

[OBJECTS]
# type	x	y	ani_set_id	extra_settings per object type
# type: 0 = Mario , 1 = Brick, 2 = Goomba
# MARIO
0	50.0	250	1

# WHIP
#4	270	316	4
4	10000	10000	4

# GOOMBA
# 2	200	135	3
# 2	260	135	3
# 2	320	135	3
# 2	480	135	3
# 2	500	135	3

# BRICK 
# --- platform (hint: I created the list using Excel!) ----
1	0	380	2
1	16	380	2
1	32	380	2
1	48	380	2
1	64	380	2
1	80	380	2
1	96	380	2
1	112	380	2
1	128	380	2
1	144	380	2
1	160	380	2
1	176	380	2
1	192	380	2
1	208	380	2
1	224	380	2
1	240	380	2
1	256	380	2
1	272	380	2
1	288	380	2
1	304	380	2
1	380	380	2
1	336	380	2
1	352	380	2
1	368	380	2
1	384	380	2
1	400	380	2
1	416	380	2
1	432	380	2
1	448	380	2
1	464	380	2
1	480	380	2
1	496	380	2
1	512	380	2
1	528	380	2
1	544	380	2
1	560	380	2
1	576	380	2
1	592	380	2
1	608	380	2
1	624	380	2
1	640	380	2
1	656	380	2
1	672	380	2
1	688	380	2
1	704	380	2
1	720	380	2
1	736	380	2
1	752	380	2
1	768	380	2
1	784	380	2
1	800	380	2
1	816	380	2
1	832	380	2
1	848	380	2
1	864	380	2
1	880	380	2
1	896	380	2
1	912	380	2
1	928	380	2
1	944	380	2
1	960	380	2
1	976	380	2
1	992	380	2
1	1008	380	2
1	1024	380	2
1	1040	380	2

# ---- brick group 1 ----
# 1	100	74	2
# 1	100	90	22
# 1	84	90	22

# ---- brick group 2 ----
# 1	160	74	2
# 1	160	90	22
# 1	144	90	22

# ---- brick group 3 ----
# 1	220	74	2
# 1	220	90	22
# 1	204	90	22

# --- SCENE PORTAL ----
# type	l	t	ani_set_id	r	b	scene_id
 50	300	98	0	316	150	2

