# id	file_path	transparent_color_r	g	b
[TEXTURES]
0	textures\mario.png	        255	255	255
1	textures\simon.png	        255	0	255
2	textures\whip_right.png	    255	0	255
3	textures\whip_left.png	    255	0	255
4	textures\ground1.png	    0	0	0
12	textures\BrickScene2.png	0	0	0
13	textures\knight.png	        255	255	255
14	textures\knight2.png	    255	255	255
15	textures\candle.png	        255	0	255
5	textures\light.png	        255	0	255
6	textures\light_die.png	    255	0	255
7	textures\knife_right.png	255	0	255
8	textures\knife_left.png	    255	0	255
9	textures\boomerang.png	    255	255	255
11	textures\small_heart.png	    255	255	255
20	textures\misc.png	        176	224	248
10	textures\enemies.png	    3	26	110

# id	left	top	right	bottom	texture_id
[SPRITES]
# BIG MARIO 
# idle right
10001	310	0	360	66	1
# walk
10002	250	0	300	66	1		
10003	310	0	360	66	1
10004	370	0	420	66	1
10005	430	0	480	66	1
# idle left
10011	130	198	180	264	1
#walk
10012	190	198	240	264	1
10013	130	198	180	264	1
10014	70	198	120	264	1
10015	10	198	60	264	1
# attack stand right
10041	120	0	180	66	1
10042	60	0	120	66	1
10043	0	0	60	66	1
# attack stand left
10051	300	198	360	264	1
10052	360	198	420	264	1
10053	420	198	480	264	1
# sit right
10061	180	0	240	66	1
# sit left
10071	240	198	300	264	1
# attack sit right
10081	0	66	60	132	1
10082	420	132	480	198	1
10083	360	132	420	198	1
# attack sit left
10091	420	264	480	330	1
10092	0	330	60	396	1
10093   60	330	120	396	1
# die 
10099	215	120	231	135	0

# WHIP
# whip attack right level ZERO
50001	70	12	105	70	2
50002	325	5	375	60	2
50003	660	10	720	35	2
# whip attack left level ZERO
50004	665	10	700	65	3
50005	395	5	435	60	3
50006	30	10	105	35	3

# LIGHT
# light state alive
60001	0	0	32	64	5
60002	32	0	64	64	5
# light state dead
60003	0	0	25	25	6
60004	0	25	25	40	6

# KNIFE
# knife right
70001	0	0	32	18	7
# knife left
70002	0	0	32	18	8

# boomerang
80001	0	0	28	28	9
80002	28	0	56	28	9
80003	56	0	84	28	9

# heart
90001	0	0	32	49	11

# SMALL MARIO
# idle small right
10021	247	0	259	15	0
# walk
10022	275	0	291	15	0
10023	306	0	320	15	0
# idle small left
10031	187	0	198	15	0
# walk
10032	155	0	170	15	0
10033	125	0	139	15	0
#BRICK
20001	0	0	31	31	4
#BRICK SCENE 2
21001	0	0	31	31	12
#KNIGHT SCENE 2

100001	0	0	32	62	13
100002	32	0	64	62	13
100003	64	0	96	62	13
100004	96	0	128	62	13

100005	0	0	32	62	14
100006	32	0	64	62	14
100007	64	0	96	62	14
100008	96	0	128	62	14

# SMALL CANDLE 
110001	0	0	16	32	15
110002	16	0	32	32	15


#GOOMBA
30001	5	14	21	29	10
30002	25	14	41	29	10
#die
30003	45	21	61	29	10

#brick with question mark animation
40001	300	117	316	133	20
40002	318	117	334	133	20
40003	336	117	352	133	20
40004	355	117	370	133	20
						
# ani_id	sprite1_id	time1	sprite2_id	time2	...
[ANIMATIONS]

# ==== MARIO =========
#idle BIG right
400	10001	100
#idle BIG left
401	10011	100
#idle small right
402	10021	100
#idle small left
403	10031	100
#walk right big
500	10002	100	10003	100	10004	100	10005	100
#walk left big
501	10012	100	10013	100	10014	100	10015	100

#attack right big
504	10041	100	10042	100	10043	100
#attack left big
505	10051	100	10052	100	10053	100

#sit right big
506	10061	100
#sit left big
507	10071	100

#sit attack right big
508	10081	100	10082	100	10083	100
#sit attack left big
509	10091	100	10092	100	10093	100

#walk right small
502	10021	100	10022	100	10023	100
#walk left small
503	10031	100	10032	100	10033	100
#die
599	10099	100

#whip right level ZERO
801	50001	100	50002	100	50003	100
#whip left level ZERO
802	50004	100	50005	100	50006	100

#light state alive
901	60001	100	60002	100
#light state dead
902	60003	100	60004	100

#knife right
1001	70001	100
#knife left
1002	70002	100

#boomerang
1101	80001	100	80002	100	80003	100

#heart
1201	90001	100

#knight
1301	100001	100	100002	100	100003	100	100004	100
1302	100005	100	100006	100	100007	100	100008	100

#small candle
1401	110001	100	110002	100

# ==== BRICK =========
601	20001	100

# ==== BRICK =========
603	21001	100

# ==== QUESTION MARK BRICK =========
602	40001	1000	40001	100	40002	100	40003	100	40004	100


# ==== GOOMBA  =========
# walk
701	30001	100	30002	100
# die
702	30003	100



#
# id	ani1	ani2	ani3
#
[ANIMATION_SETS]
# MARIO
1	400	401	402	403	500	501	502	503	599	504	505	506	507	508	509
# WHIP 
4	801	802
# LIGHT 
5	901	902
# KNIFE
6	1001	1002
# BOOMERANG
7	1101
# heart
8	1201
# knight
10	1301	1302	902
# small candle
11	1401	902
# BRICK 
2	601
# BRICK SCENE 2 
9	603
# QUESTION MARK BRICK 
22	602
# GOOMBA
3	701	702

[OBJECTS]
# type	x	y	ani_set_id	extra_settings per object type
# type: 0 = Mario , 1 = Brick, 2 = Goomba, 3 = Koopa, 4 = Whip, 5 = Light
# MARIO
0	772	400	1
#0	50	250	1
# WHIP
#4	270	316	4
4	10000	10000	4

# KNIFE
#6	270	316	6
6	100000	100000	6

# BOOMERANG
7	10000	10000	7
#7	270	316	7

# heart
#8	255	316	8

# knight
#10	665	300	10


# LIGHT
#5	255	316	5
#5	435	316	5
#5	615	316	5
#5	795	316	5
#5	975	316	5

# GOOMBA
# 2	200	135	3
# 2	260	135	3
# 2	320	135	3
# 2	480	135	3
# 2	500	135	3

# BRICK 
# --- platform (hint: I created the list using Excel!) ----
1	0	476	9
1	32	476	9
1	64	476	9
1	96	476	9
1	128	476	9
1	160	476	9
1	192	476	9
1	224	476	9
1	256	476	9
1	288	476	9
1	320	476	9
1	352	476	9
1	384	476	9
1	416	476	9
1	448	476	9
1	480	476	9
1	512	476	9
1	544	476	9
1	576	476	9
1	608	476	9
1	640	476	9
1	672	476	9
1	704	476	9
1	736	476	9
1	768	476	9
1	800	476	9
1	832	476	9
1	864	476	9
1	896	476	9
1	928	476	9
1	960	476	9
1	992	476	9
1	1024	476	9
1	1056	476	9
1	1088	476	9
1	1120	476	9
1	1152	476	9
1	1184	476	9

1	1248	476	9
1	1312	476	9
1	1376	476	9
1	1440	476	9
1	1504	476	9
1	1568	476	9
1	1632	476	9
1	1696	476	9
1	1760	476	9
1	1824	476	9
1	1888	476	9
1	1952	476	9
1	2016	476	9
1	2080	476	9
1	2144	476	9
1	2208	476	9
1	2272	476	9


#1	350	290	9
#1	382	290	9
#1	414	290	9
#1	925	290	9
#1	861	226	9
#1	829	226	9
#1	797	226	9
#1	765	226	9
#1	733	226	9

#1	701	226	9
#1	701	258	9
#1	701	290	9
#1	701	322	9

#1	701	354	9
#1	669	354	9
#1	637	354	9

#1	605	290	9
#1	574	290	9

#1	543	230	9
#1	511	230	9
#1	479	230	9
#1	447	230	9

#1	287	225	9
#1	255	225	9
#1	223	225	9
#1	191	225	9

#1	159	289	9
#1	127	289	9

#1	35	225	9

#1	64	225	9
#1	96	225	9
#1	128	225	9
#1	160	225	9
#1	192	225	9
#1	224	225	9
#1	256	225	9
#1	160	225	9

# small candle
#11	920	100	11
#11	780	100	11
#11	630	100	11
#11	480	100	11
#11	330	100	11
#11	180	100	11
#11	124	290	11

# ---- brick group 1 ----
# 1	100	74	2
# 1	100	90	22
# 1	84	90	22

# ---- brick group 2 ----
# 1	160	74	2
# 1	160	90	22
# 1	144	90	22

# ---- brick group 3 ----
# 1	220	74	2
# 1	220	90	22
# 1	204	90	22

# --- SCENE PORTAL ----
# type	l	t	ani_set_id	r	b	scene_id
#50	0	100	0	30	160	5

